vertices
(-0.5830206840669522 0.24549800939488808 2.9325445622075805)
(0.9086312671864254 -0.17332319855238704 -2.8538304590733414)
(0.545631487824546 2.947546187309066 0.11940583392012755)
(-1.1216798393311578 2.6392229903915845 -0.8810995091512243)
(-1.9502294713576007 2.2791470331163666 -0.04575817397052459)
(0.9973471900910209 -2.3078639068715274 -1.636784277104725)
(2.420197599437129 -1.4550835231419839 -1.0126082758695327)
(0.1603309579588418 1.9943326688408445 2.2353816653793497)
(2.56037531561275 -0.9446339324747429 1.2458511053967152)
(-0.6487378450817144 -2.5668856971541727 -1.410757607140245)
(-0.11030045720715902 2.779944510554924 -1.1223824336541597)
(-2.9770846387055765 0.3548927772659397 0.10496747414201693)
(-0.0010997335303327017 1.8504526889501753 2.3613181989183984)
(-1.2467449702034645 2.015698591720353 1.8391808411923363)
(1.9218606328109855 1.9976203454727304 -1.1471550302399276)
(0.578219762952238 0.9815707666705966 2.775280298591325)
(-2.049740680974055 -1.4597365662772361 1.633319410841971)
(-1.453017157923419 -1.3979101902616682 -2.221393310231832)
(0.5538396397962217 -2.764953108669215 1.023863252710455)
(-2.1842353356074997 -0.490360553701898 1.9971636202516714)
(-0.14345404251750238 1.021308434905343 2.817152821285452)
(2.884294601359546 0.3615141356408839 0.7417224428989624)
(1.0582905380899332 2.7038659137956857 0.7544072223959286)
(-1.4926987087304224 -2.5115580825768804 -0.6811215477411304)
(0.8641485976139761 2.723904874700927 0.9130111909622618)
(-2.6751581480002002 -1.3477190196243922 -0.16487063817066827)
(-2.8287328274160206 -0.998862482936966 -0.02333090825412026)
(1.763430589843166 2.10809856142584 1.2025942832558658)
(0.7195471932087826 -2.231236308821228 1.8718537258405599)
(-2.0331966541726665 -1.3938794934911152 1.7097401332032975)
(-2.1926000638753176 0.7934503034647524 -1.8875755814869097)
(-1.4217018887992776 2.1809474183750823 1.490715297321266)
(-2.555717998942712 1.0479529094952258 -1.1705127976065652)
(2.7410059254600387 -0.9984278817316516 0.7000202008326635)
(-2.7814940984042993 -0.8507668021710927 0.7344973988147454)
(2.2397267429317194 1.7498128250267126 0.9600933258639537)
(-0.416848013594243 2.911894887507669 0.589156938064243)
(-1.353510494361169 -1.8756490899512044 -1.9104841881102819)
(-2.4326770172572805 -1.559044268911403 -0.807132887003577)
(-0.7807583211338185 -2.6225300103914946 -1.2299401565020505)
(0.5178769354387681 2.485937202734382 -1.5974729117583522)
(-2.0623926040109337 -2.1763948781168834 -0.09920726499403622)
(1.558125784366542 -0.7514166173857728 -2.4510440851214144)
(2.836584315092592 -0.2783405898387572 0.936117481632997)
(1.5605869933453596 -2.1592468838858605 -1.3792103286411728)
(2.3996987655362574 -1.443197523475186 -1.0763952540395436)
(0.9607573955182566 -0.3829169888237351 2.816082350824837)
(-0.796548620332846 0.019824598939706867 -2.8922512478556763)
(1.210747559562005 -2.260521731928406 1.5569623779957071)
(-0.38565996929142204 -0.5451081325453806 2.924743324108806)
(0.4426577566792919 1.7337475638906459 -2.407939678470976)
(2.4310200714119983 -1.0198428564420725 1.4318037437288944)
(-1.5329790757742117 0.5589227836094166 -2.5174551585282994)
(1.4047768943068166 0.8502292939851583 2.5107194237650674)
(-1.8899181776951635 1.8312258873440617 1.4404239067504907)
(2.820197755711984 -1.0139064697191975 0.13593487167994922)
(0.9977380494342265 1.4378352205702463 -2.4366264923452867)
(1.3496072033206556 0.7372968744914999 -2.5758403901659093)
(0.14005483504353272 -2.3679826838608347 -1.8365845072079234)
(0.16329930192399528 2.26372569277373 1.961856092038158)
(0.2832377636928879 1.8652550502311327 2.3325093712149383)
(-0.7927161608785249 2.3700944287624077 1.6595943742467345)
(0.36360621853328895 2.649641427429768 1.3591139848783342)
(2.3307071743999703 1.0811428125891003 1.548849342572554)
(2.5267930364767386 1.617180560736232 -0.006632102947759329)
(-0.36711487204696264 -1.1428386747444106 2.749390193157454)
(-1.0879574949394084 0.38971641134909896 2.7684778503593535)
(-2.485124785062345 1.5700104241989026 -0.5993513748842312)
(1.998740448368768 -0.6475060983217361 -2.141441680898824)
(0.6325919808268418 -1.4376209857412894 2.555987732198614)
(-2.677197198508992 0.7411436478112599 -1.1328376995865832)
(1.6744463408369192 2.128184496132624 1.2911468553493757)
(-1.81333815227331 -0.7101370027999477 -2.281996972558098)
(0.5968083907314446 1.8386740454902533 2.2941441757642544)
(1.7327155991438097 1.4726259006800562 1.9568008608772542)
(2.176045858432873 -1.9997729496419496 0.5154925526886662)
(0.9584243859614048 2.832568211458521 -0.2407904147369278)
(-0.49260437388443745 2.5502550046021892 1.5011796502522303)
(-0.8184668633837908 1.1842474628418 -2.632046720766077)
(-0.31733865964156416 2.662116554526053 1.3462658077865735)
(1.366144661148136 -0.10083225378238635 2.6689851294852898)
(-0.8020560341698968 -2.5790822036406533 -1.3057722255109159)
(-1.8610718503188997 1.1349001471437077 -2.061167927162602)
(0.9058862507918418 -2.8587012423856475 -0.08483694601443259)
(0.5998409198818273 1.5287133750202746 -2.5106226892684305)
(0.7866585305355438 -1.9360842901877278 -2.1523814665676575)
(-0.6186428539866334 -1.8771345383353655 -2.2569109296114784)
(2.032219181823742 -1.5984951222328683 -1.521479063682892)
(2.456620279999155 -0.9476171202809709 -1.4377199286534477)
(-0.23382067633996048 1.56774057634611 -2.547060536499651)
(-0.13675181818437554 -2.996726793381621 -0.030454327311132588)
(-1.4195621384281574 -0.7367195037977141 2.5381268108322184)
(-2.629063524065449 -1.1390441424457114 0.8891588316991932)
(-1.3089856306056658 -2.518301414039265 -0.9719643033135132)
(0.287217342940443 -2.675070249354345 1.3272171483723048)
(-0.7460959424845498 -2.514464870783518 1.4562991650769144)
(-0.41109477011496875 -2.5629171916417848 -1.504146455226721)
(-0.8091351462992828 -1.9571791649752925 -2.1247941150167593)
(0.4455142885967539 1.8623196678350125 -2.3093900652447212)
(1.7171951601159 1.2321812776447016 2.1290772839651453)
triangles
92 93 57
27 52 66
89 96 48
74 89 62
54 49 99
32 94 72
42 45 13
23 87 33
10 42 76
24 86 48
51 26 37
11 48 85
85 23 91
19 29 89
2 81 20
89 87 5
60 13 78
44 93 80
94 85 52
39 49 36
27 70 4
34 85 82
61 57 36
23 82 13
44 29 3
36 43 17
99 1 94
43 35 82
85 76 28
11 53 2
37 38 51
65 63 51
54 65 78
54 36 64
15 44 37
73 49 69
13 39 68
98 33 87
97 46 61
36 96 16
5 15 91
96 23 14
79 85 69
69 49 13
98 37 49
5 33 19
48 63 74
99 77 80
28 14 4
91 73 79
